38 199 59
37 172 46
36 173 62
36 182 66
35 155 64
36 169 65
38 193 62
38 169 59
38 163 61
38 199 59
37 172 46
36 173 62
36 182 66
35 155 64
36 169 65
38 193 62
38 169 59
38 163 61
36 154 58
37 178 43
36 150 56
36 148 55
35 152 57
36 166 57
38 155 56
39 188 46
37 157 52
37 171 67
38 191 56
37 186 63
36 174 66
36 194 59
35 165 62
37 183 67
37 189 66
37 206 62
19 111 87
21 37 145
19 81 85
27 168 35
21 107 86
19 112 96
22 111 87
23 118 82
20 113 77
22 101 86
25 102 80
23 103 84
20 104 93
23 108 83
26 106 82
23 111 83
26 103 84
25 101 78
24 107 79
21 106 84
21 103 87
21 108 83
24 101 83
24 101 83
24 104 81
24 108 78
24 101 83
21 99 85
27 121 76
21 99 88
31 116 57
31 133 50
28 100 61
24 103 82
28 121 74
27 124 74
33 108 52
15 86 59
26 90 65
26 120 51
33 123 56
32 142 54
31 125 55
27 86 59
28 110 44
31 122 50
27 113 52
25 108 45
25 123 52
30 118 56
30 123 54
30 141 47
30 121 55
33 125 49
38 200 51
20 82 109
38 144 76
37 178 66
37 182 63
38 133 67
38 190 51
21 103 87
19 87 105
32 107 74
27 113 68
36 140 62
28 133 73
28 93 82
31 103 72
30 144 39
31 145 58
28 98 73
19 113 86
22 110 86
22 108 87
21 109 89
18 101 96
22 96 90
21 110 81
21 110 81
19 104 91
27 120 72
24 104 76
25 110 79
31 90 71
31 99 67
31 101 68
24 107 79
27 126 69
25 100 84
36 153 55
37 130 51
37 155 51
37 155 51
36 164 53
39 164 53
39 159 56
39 187 41
37 174 44
35 193 58
24 103 37
32 141 47
30 143 64
35 161 81
33 168 82
33 165 74
32 145 65
32 174 57
34 191 64
28 162 44
36 193 74
35 182 87
35 170 75
23 50 163
22 113 104
19 113 99
25 182 42
19 102 105
18 109 94
17 114 101
17 97 116
17 102 112
18 104 101
20 101 101
18 72 131
19 101 93
20 107 79
19 104 76
22 110 72
22 110 72
20 109 77
22 105 75
23 105 75
23 107 74
19 100 79
33 167 58
23 179 37
35 124 70
38 189 54
36 165 62
32 145 67
30 106 70
27 82 62
24 181 38
38 200 46
36 147 59
36 149 65
33 198 49
36 175 64
36 184 65
38 165 68
22 168 44
32 177 39
26 115 82
26 112 84
26 112 84
26 115 82
26 111 85
28 114 85
28 110 86
28 118 80
26 108 87
40 111 62
39 107 69
40 108 64
40 101 68
40 104 66
39 112 66
39 121 61
39 107 69
39 115 69
40 111 71
29 141 67
35 120 68
36 125 63
39 110 72
41 99 77
40 101 73
39 105 75
39 98 70
32 107 31
34 82 25
37 92 25
38 76 27
33 134 38
31 138 63
30 138 48
34 97 58
35 78 36
39 117 63
39 119 62
39 119 62
39 125 59
39 127 58
36 120 72
36 119 71
37 110 72
39 123 60
21 106 65
23 98 52
23 100 51
33 90 62
33 91 67
33 91 76
24 92 78
24 89 80
21 95 75
33 66 81
35 96 61
32 134 38
27 127 38
30 93 71
30 95 70
33 85 63
34 102 55
34 107 55
35 97 66
35 92 69
35 94 68
35 92 69
35 98 65
35 97 66
35 97 66
35 105 61
35 95 67
18 57 89
22 144 46
22 91 73
22 94 79
15 79 58
30 94 46
27 95 51
27 73 73
21 71 61
32 63 57
30 46 33
32 70 55
33 82 59
33 76 64
28 124 39
26 108 33
20 66 35
25 49 31
33 123 62
33 97 71
33 78 72
33 101 68
33 146 56
30 99 67
33 111 62
31 99 80
33 102 70
40 44 35
68 33 31
42 49 26
33 51 45
25 61 25
24 55 23
36 61 21
40 55 28
43 36 49
24 97 79
24 103 67
29 95 75
30 109 77
26 113 77
26 99 80
26 92 80
24 99 72
24 95 78
29 100 74
29 101 73
29 109 68
31 113 70
31 107 74
29 124 66
28 98 70
27 81 72
29 90 82
30 87 70
33 115 69
30 94 73
31 107 69
30 95 70
30 93 66
29 81 69
32 116 68
32 111 71
26 109 75
29 107 74
26 109 75
24 101 76
24 102 75
25 113 72
28 122 69
30 120 66
29 108 73
28 121 80
26 104 86
26 107 86
25 111 69
29 186 37
27 174 38
29 103 79
28 110 81
24 108 83
37 79 29
37 79 29
42 82 31
39 91 28
33 109 28
26 131 39
25 85 39
30 72 39
38 82 25
35 85 39
35 117 72
30 119 30
40 82 28
45 73 28
27 62 41
32 128 30
32 94 76
35 120 70
27 112 82
27 119 77
27 116 79
26 112 80
26 104 86
26 110 81
27 118 78
27 112 82
27 115 80
27 112 82
27 121 76
27 115 80
27 115 82
26 115 82
27 112 82
27 111 83
27 113 81
27 115 80
39 122 71
39 131 66
39 124 70
40 104 66
37 116 66
37 96 82
37 104 81
38 110 79
39 126 69
37 98 68
35 100 66
34 101 68
35 85 69
37 99 67
36 99 72
37 93 71
37 98 68
37 107 62
30 107 62
30 82 81
30 78 85
30 107 69
30 108 66
30 104 66
30 104 64
30 111 60
30 114 58
165 28 18
30 24 32
30 10 26
42 41 31
36 64 20
37 82 28
20 31 25
0 12 21
150 23 22
13 44 52
19 58 97
19 64 87
23 78 82
28 77 53
30 67 38
15 11 45
18 34 38
15 48 53
32 108 33
25 34 45
30 68 41
32 77 53
32 82 50
32 69 59
32 106 41
32 68 68
33 73 42
28 85 75
28 98 68
28 92 69
28 90 71
28 92 69
28 89 72
28 89 72
28 86 74
28 93 71
30 104 59
33 107 57
33 107 57
25 57 116
25 76 87
24 86 80
27 112 59
27 104 64
30 107 57
19 73 73
11 79 45
10 99 54
13 47 172
14 52 157
19 62 151
25 103 72
23 96 72
12 71 65
25 129 77
22 127 104
23 103 99
29 193 41
26 153 55
23 137 78
23 159 72
22 159 80
23 126 97
29 144 53
27 122 75
29 98 68
32 115 40
32 114 56
33 97 63
27 89 66
22 92 64
27 104 81
