0 35 36
15 72 57
170 71 43
10 57 54
18 25 130
17 15 123
94 15 139
30 19 122
19 94 38
63 16 177
30 21 121
63 17 168
40 13 173
38 12 164
69 10 171
64 11 167
36 23 113
27 24 117
17 65 130
19 68 158
19 63 169
17 68 162
19 58 128
16 56 122
20 59 112
20 56 118
17 64 132
19 59 117
17 59 117
18 57 121
19 51 119
19 49 124
19 50 123
19 56 123
17 56 127
17 58 124
51 10 176
69 11 161
47 11 164
34 17 106
37 21 108
33 20 114
56 11 161
70 10 161
70 10 160
15 68 45
19 51 40
19 54 38
19 30 69
15 65 47
34 20 88
24 29 133
27 25 103
15 78 39
18 54 71
17 58 115
18 58 118
20 44 115
27 59 39
35 44 35
19 31 66
19 57 36
18 91 42
20 49 119
19 46 116
19 52 117
19 51 121
19 50 123
16 50 113
18 51 109
19 46 117
19 46 116
17 63 85
16 89 63
19 51 106
19 44 121
19 44 123
19 50 122
19 50 122
19 59 103
15 70 87
16 47 120
19 46 116
16 48 117
16 47 120
16 48 116
21 50 117
21 49 119
19 45 119
19 45 119
11 81 66
19 56 109
11 71 75
16 61 92
16 46 122
18 46 122
12 46 123
19 50 123
19 49 124
19 49 125
19 50 123
19 44 138
21 48 121
21 48 122
21 48 122
19 49 125
19 49 124
19 50 122
17 54 89
17 83 86
17 60 81
19 105 51
19 62 86
21 51 115
19 44 138
19 54 114
17 67 110
19 49 110
19 49 110
19 48 111
19 48 111
19 47 113
19 48 112
19 48 112
19 49 110
19 48 111
19 45 119
19 46 117
19 45 119
19 45 120
19 45 120
15 43 120
15 43 119
19 46 117
19 45 120
15 54 152
17 60 149
17 52 153
16 62 152
17 62 147
17 60 152
15 53 153
15 53 155
15 54 152
0 0 68
0 0 69
0 0 42
18 64 96
0 0 44
0 0 69
0 0 183
150 2 167
0 0 171
0 0 65
120 2 167
0 0 69
0 0 60
15 45 79
15 49 135
18 53 105
18 49 63
0 0 68
0 0 255
0 0 171
150 3 84
135 7 71
0 0 251
135 7 71
135 7 76
0 0 162
120 2 136
0 0 68
0 0 100
0 0 173
0 0 173
0 0 68
0 0 68
0 0 68
0 0 68
0 0 68
18 54 108
19 51 106
19 56 110
18 52 112
19 55 111
19 53 115
18 52 112
16 49 109
16 50 107
35 16 189
45 12 42
60 4 61
40 8 99
39 7 250
22 13 221
22 21 184
25 37 76
39 8 225
21 20 220
17 27 178
24 5 235
21 16 230
22 42 139
28 25 185
40 6 250
34 8 246
21 101 58
20 38 159
32 14 244
21 46 128
16 53 126
16 54 123
16 54 123
20 36 170
26 16 238
30 14 229
179 114 107
15 62 136
178 112 134
177 112 132
178 116 112
177 138 161
0 89 180
14 58 141
15 61 139
2 129 75
17 69 126
9 96 64
10 71 94
3 111 87
4 115 102
5 78 131
13 69 130
8 71 133
19 59 122
12 128 40
14 61 142
3 126 87
1 106 99
3 84 118
15 61 129
12 56 105
13 79 45
176 137 140
10 125 104
3 208 65
9 82 137
5 96 133
5 104 132
1 107 119
8 92 117
8 100 102
19 52 117
19 53 115
19 55 112
19 53 116
19 52 117
19 51 119
19 52 117
19 53 115
19 51 119
17 56 124
19 52 118
19 52 117
19 52 117
19 52 118
16 56 118
20 49 93
19 47 113
16 55 121
28 22 183
21 55 134
25 13 231
22 13 220
25 21 156
22 22 175
26 20 200
18 49 135
19 60 128
19 52 118
19 51 119
19 50 122
19 51 120
19 53 115
19 54 117
19 52 118
19 52 117
18 54 118
17 42 172
17 43 166
17 41 175
17 44 164
17 44 162
17 43 167
17 40 180
19 44 167
17 41 167
17 23 215
20 48 150
16 28 176
17 43 177
17 43 179
18 43 176
16 31 179
14 33 172
16 27 206
20 43 155
17 46 156
20 42 157
18 54 152
18 50 163
18 47 175
20 43 154
17 44 151
17 44 152
17 51 144
17 54 141
17 52 142
17 49 151
17 53 149
17 51 149
17 52 146
17 51 145
17 53 140
17 51 144
17 54 141
17 52 142
17 49 151
17 53 149
17 51 149
17 52 146
17 51 145
17 53 140
17 51 144
17 54 141
17 52 142
17 49 151
17 53 149
17 51 149
17 52 146
17 51 145
17 53 140
17 54 133
17 54 133
17 52 138
17 53 135
17 55 130
17 53 136
17 55 131
17 55 129
17 56 128
17 54 133
17 54 133
17 52 138
17 53 135
17 55 130
17 53 136
17 55 131
17 55 129
17 56 128
17 53 139
17 53 139
17 53 140
17 54 138
17 54 137
17 54 136
17 54 137
17 54 136
17 55 134
17 49 129
19 48 128
18 49 129
19 50 123
19 50 123
19 49 124
17 49 130
18 49 130
19 48 128
16 48 118
17 42 115
15 44 117
15 44 115
16 47 119
16 47 119
16 48 118
16 48 116
16 48 118
17 51 151
17 61 158
17 49 155
16 60 156
17 63 150
16 62 153
17 58 131
16 61 154
17 61 158
19 52 118
18 49 120
18 50 118
18 50 117
18 50 117
18 48 117
19 52 117
19 52 118
19 51 119
19 45 118
19 47 114
19 47 115
19 46 116
19 45 118
19 47 113
19 47 114
19 47 115
19 46 116
21 53 111
20 47 120
21 48 121
21 49 120
21 53 110
21 51 115
21 51 114
21 51 114
22 53 111
20 38 120
20 40 114
20 39 117
20 40 116
20 38 122
20 39 119
20 38 121
20 39 119
20 38 120
17 43 167
19 44 168
19 44 170
17 43 166
17 43 167
17 42 169
17 41 169
17 41 167
17 43 167
24 42 145
20 40 167
24 43 143
20 41 143
26 37 137
26 36 143
24 42 146
20 38 166
20 40 164
