115 142 176
120 138 167
98 121 153
98 121 153
75 96 127
71 92 124
126 150 178
131 145 174
105 124 157
38 49 77
64 82 113
64 82 113
117 136 169
89 108 141
148 150 180
85 105 130
106 120 142
83 106 138
74 88 116
94 109 158
73 95 166
138 152 210
179 183 207
182 186 214
192 194 218
175 185 209
125 136 166
109 113 148
57 64 91
57 64 91
73 82 109
76 94 135
55 60 93
76 85 112
110 134 164
120 138 167
126 140 176
47 58 108
84 114 219
74 94 181
88 141 228
171 205 241
115 146 221
132 164 240
168 197 228
155 164 214
158 155 211
164 158 213
128 152 218
139 147 214
121 134 210
110 90 203
173 171 213
169 178 222
135 153 218
129 154 218
95 105 183
118 142 208
110 126 192
95 105 175
115 132 195
125 146 207
135 153 214
123 145 210
160 169 219
126 141 210
92 100 193
231 231 243
223 220 235
208 214 237
204 212 241
87 110 160
218 222 240
213 217 236
140 160 195
190 197 224
213 220 237
79 90 148
186 187 237
226 211 243
212 207 236
187 186 228
167 167 213
145 146 202
75 89 142
152 155 200
149 156 213
193 201 238
115 160 204
120 162 207
98 137 192
99 139 197
147 193 234
156 191 234
106 150 203
148 193 237
67 89 131
49 67 98
64 96 149
87 124 184
132 141 178
152 156 204
76 66 82
54 81 161
45 70 134
37 55 108
73 103 190
53 85 156
55 90 176
55 90 176
54 84 163
61 57 69
71 78 117
80 92 146
58 63 96
94 100 175
70 77 192
77 83 142
86 91 152
54 55 76
153 173 198
80 109 146
0 17 42
26 41 80
24 39 78
107 141 164
102 125 181
61 85 139
26 65 117
37 61 115
62 86 140
50 79 116
82 111 148
89 108 145
134 159 203
83 100 139
95 114 151
102 122 153
106 124 161
111 128 171
90 102 142
101 117 163
86 95 108
12 10 39
112 127 153
172 184 226
156 167 211
150 164 217
139 159 207
185 203 240
201 212 239
162 183 221
104 124 181
75 89 111
136 160 206
130 150 198
104 116 152
41 46 79
98 111 143
141 157 193
124 139 172
85 104 137
176 187 225
8 88 153
7 94 161
0 115 195
11 84 144
46 97 140
6 25 52
168 190 226
197 211 230
164 191 212
161 184 216
168 189 216
122 153 204
51 63 129
167 190 216
173 194 221
196 212 229
196 211 230
190 207 226
165 186 218
186 202 225
165 188 220
165 188 220
146 173 210
136 160 206
146 172 219
154 174 215
151 174 212
82 87 120
179 200 221
191 208 221
184 201 222
184 202 219
178 203 223
176 200 220
56 78 156
189 206 227
178 198 216
91 137 208
145 175 232
91 125 179
94 124 229
118 148 231
102 125 217
140 165 221
116 153 213
98 142 206
160 183 239
168 188 235
103 146 227
73 125 201
158 181 231
162 191 235
60 59 98
121 139 180
102 111 155
113 121 161
108 111 149
84 86 121
92 108 155
90 106 149
72 79 106
118 132 184
128 151 219
120 142 213
90 112 160
88 110 158
81 104 149
55 78 128
34 58 104
65 87 135
54 73 110
70 94 146
85 111 158
94 120 166
39 61 97
85 103 144
78 97 142
91 114 159
101 123 159
71 92 137
0 20 69
56 107 177
39 64 108
67 99 148
17 21 70
69 96 177
104 127 205
39 63 135
145 163 222
152 177 221
0 17 64
96 118 153
94 116 128
104 126 128
124 128 128
97 118 145
99 119 144
97 115 138
123 144 195
134 152 205
106 129 175
90 116 163
97 122 172
123 153 194
126 154 201
158 173 212
137 156 199
129 156 206
103 134 189
110 113 151
151 157 210
112 143 188
113 133 180
88 107 158
57 72 111
56 65 114
99 107 174
110 125 188
120 129 197
72 92 155
118 136 208
104 132 201
92 120 180
161 169 222
90 114 182
78 97 160
146 150 208
62 79 138
124 132 195
51 61 112
79 89 151
87 102 158
94 108 167
75 96 168
77 103 175
50 59 111
66 72 131
65 71 130
54 61 118
80 82 144
62 72 120
84 105 166
84 102 168
79 92 147
93 101 172
56 68 122
105 117 174
114 134 192
91 113 172
66 78 102
107 128 159
93 112 139
106 127 159
101 122 150
106 129 167
83 97 126
109 133 169
69 83 112
90 109 142
119 143 185
239 247 247
146 178 223
110 126 173
147 180 222
126 167 212
146 185 229
170 208 237
137 180 223
124 164 212
140 179 218
111 145 221
109 132 218
63 93 194
66 96 191
98 130 196
95 133 197
17 29 69
41 79 151
35 66 129
85 113 190
67 106 180
66 100 176
51 89 154
64 108 179
13 38 88
68 120 187
108 123 196
144 164 212
39 77 141
90 123 203
41 70 127
41 66 122
47 55 102
59 57 116
71 109 181
89 104 167
57 76 157
30 44 132
116 168 221
103 155 208
133 164 217
128 172 226
100 141 203
149 186 242
149 186 242
122 160 218
114 169 220
121 169 221
121 169 221
121 169 221
45 91 155
13 14 24
22 25 30
94 100 137
130 132 203
137 112 146
194 177 220
142 156 244
99 102 153
33 54 106
41 64 126
128 150 232
132 142 219
64 73 136
128 162 246
87 98 128
48 57 95
34 43 70
44 59 98
48 59 103
48 59 103
71 82 142
32 47 80
41 70 121
48 80 129
66 87 138
8 2 3
8 2 3
67 86 137
80 102 150
80 102 150
55 84 128
64 99 143
87 97 115
111 121 168
52 82 129
51 83 132
44 71 122
38 60 112
29 48 93
29 48 93
29 49 104
29 42 104
29 42 104
128 136 183
103 109 162
122 127 172
115 127 169
136 137 205
141 133 196
145 145 185
107 127 158
123 129 172
140 154 190
123 131 160
129 128 167
123 131 178
134 124 190
148 144 209
105 109 167
125 138 200
123 135 189
126 150 204
129 140 197
121 129 182
123 132 182
119 136 192
244 233 253
243 238 255
116 101 159
147 134 196
115 94 169
37 32 63
37 32 63
209 203 244
209 203 244
183 176 221
176 198 226
156 178 214
135 149 197
143 166 212
161 181 222
117 143 203
159 176 232
111 134 202
96 127 206
55 83 144
82 111 172
133 158 202
67 91 151
96 114 173
129 145 162
174 185 205
71 83 95
141 154 186
166 177 207
143 156 182
91 103 131
175 186 214
121 134 160
109 120 142
52 60 73
141 150 187
105 115 145
61 70 90
46 45 65
176 182 219
177 186 213
141 157 194
195 204 218
151 160 174
76 78 89
175 186 208
156 167 195
87 94 121
73 87 115
54 60 79
82 91 118
170 181 209
129 143 171
158 166 189
171 182 212
206 210 221
209 214 223
209 214 223
91 86 101
84 128 199
65 107 184
39 79 161
64 108 179
47 90 169
0 40 89
22 58 122
0 0 37
0 0 36
1 23 81
59 98 177
60 102 179
53 99 177
77 121 192
41 54 92
32 40 80
68 97 148
89 113 165
31 51 98
39 60 92
79 101 149
145 164 207
54 77 123
113 125 165
47 63 92
118 139 170
100 104 145
115 131 167
146 170 200
102 102 132
146 167 205
161 184 206
166 194 211
150 173 199
158 182 210
140 169 196
140 175 218
158 188 235
96 132 170
103 130 167
72 76 100
93 113 170
107 129 170
73 92 153
82 96 124
87 93 122
107 162 223
100 111 131
111 154 217
145 174 231
134 159 215
155 176 228
178 197 242
153 173 230
200 219 254
92 130 208
97 140 213
140 169 244
196 185 201
193 179 197
105 109 150
154 149 178
45 50 81
50 70 117
81 93 141
77 81 110
171 167 196
194 180 198
91 109 156
110 138 192
75 101 147
135 149 198
92 98 139
114 129 178
96 121 165
106 127 172
155 161 202
106 131 171
67 79 119
61 79 132
58 75 114
87 106 157
64 82 123
175 195 226
126 147 185
165 185 226
148 177 222
27 40 56
149 168 211
90 115 165
134 148 196
104 109 170
148 168 199
109 114 129
180 184 189
179 186 173
95 107 101
38 41 49
218 219 223
220 208 202
81 86 117
119 113 160
77 93 135
74 90 132
104 105 133
128 152 198
113 125 165
154 178 208
145 170 202
131 150 193
157 170 208
54 68 104
36 47 77
47 66 99
34 56 91
34 56 91
55 75 110
107 126 163
68 88 123
56 78 113
56 78 113
62 81 118
67 83 119
95 116 171
100 124 178
106 132 186
65 77 113
106 124 165
106 124 165
42 53 73
31 44 76
9 16 33
45 66 104
43 58 91
43 58 91
42 58 95
40 52 88
21 30 50
49 64 83
49 64 83
33 47 70
34 53 90
19 38 71
8 29 57
10 34 76
51 71 119
10 29 56
7 22 41
3 19 48
21 43 78
152 183 228
73 100 156
70 94 146
92 125 181
131 164 209
54 71 98
158 186 233
53 74 106
142 174 223
138 171 221
96 129 198
104 141 203
90 119 193
77 99 177
32 38 51
93 127 181
227 236 250
178 205 239
194 218 240
206 220 248
182 204 239
45 43 49
53 51 63
54 50 61
170 189 227
109 126 159
57 68 96
44 43 53
118 137 205
123 147 201
151 175 229
144 168 222
144 168 222
131 155 209
87 117 174
111 149 191
109 137 191
125 156 211
141 169 229
142 170 231
132 160 221
132 156 202
132 158 224
147 175 235
143 177 231
80 88 165
131 159 219
143 170 234
154 180 234
140 168 228
142 170 224
125 149 207
126 147 199
127 150 206
112 107 173
155 166 245
68 81 143
60 54 93
99 116 195
7 12 13
34 47 73
34 55 87
24 49 83
16 40 70
29 48 81
73 87 110
141 154 216
113 131 190
130 154 196
116 131 193
119 132 194
99 106 156
99 106 156
96 97 155
109 111 175
99 110 154
56 58 82
52 38 66
58 66 95
34 35 63
52 68 104
82 99 142
189 210 225
205 221 234
204 216 234
182 204 222
42 55 81
77 96 134
34 41 74
90 106 149
45 72 128
47 80 140
70 99 173
108 134 203
93 127 196
131 151 216
108 134 202
82 108 174
44 81 144
72 99 166
64 97 163
48 73 125
95 122 187
105 132 206
55 78 130
79 105 174
79 106 175
28 39 91
86 113 183
46 77 97
68 96 167
65 93 146
74 94 179
67 76 143
69 84 170
117 118 174
68 88 175
61 113 160
102 153 196
69 115 156
46 69 95
53 79 109
35 49 67
30 47 66
50 63 85
98 122 194
88 107 175
84 93 160
149 161 203
112 112 188
135 126 159
30 93 137
34 104 181
80 148 231
16 59 108
132 192 244
49 132 218
197 211 239
117 152 186
40 109 166
40 109 166
54 127 185
62 124 195
97 160 220
47 109 187
32 103 167
76 144 203
71 142 209
58 119 185
99 169 229
105 172 229
24 81 133
41 108 169
52 125 177
27 90 150
27 87 146
36 85 147
153 156 207
141 142 198
111 112 180
58 70 110
125 145 210
74 86 144
121 133 175
154 172 219
160 177 220
137 151 200
176 176 230
155 166 204
169 163 218
130 126 175
82 94 158
82 82 142
208 226 255
212 200 255
150 159 197
139 165 219
83 96 148
97 117 165
78 84 129
120 133 201
90 97 152
133 159 225
164 162 221
130 139 182
164 180 226
139 169 224
56 61 106
54 60 103
76 81 126
105 108 169
117 106 176
92 93 153
83 74 160
86 88 146
76 98 133
112 120 160
40 54 106
105 134 191
134 153 198
154 170 223
141 150 183
132 120 39
74 139 224
80 150 234
122 101 104
99 112 156
117 99 100
87 124 186
234 232 254
207 203 238
203 204 242
224 218 253
197 201 250
222 221 253
214 210 252
189 184 229
151 149 215
139 147 214
215 209 250
192 199 242
228 227 247
65 95 166
204 216 234
215 214 248
137 142 197
218 216 252
236 233 255
174 173 217
237 231 248
177 172 227
61 105 212
91 143 237
68 129 223
33 66 183
106 158 241
80 133 224
21 67 198
83 130 216
58 92 186
73 132 225
78 130 220
47 77 195
154 187 250
143 183 255
144 188 252
108 126 197
73 121 209
143 189 237
61 109 211
130 164 247
130 156 226
194 187 190
195 183 181
21 21 51
156 152 188
71 78 121
55 65 105
49 65 102
136 163 214
87 116 160
93 131 173
91 126 170
165 199 253
154 179 253
114 134 192
105 116 168
44 34 27
127 154 211
140 137 163
173 180 223
143 143 179
156 255 250
73 110 144
89 114 146
90 118 152
88 116 147
80 115 149
83 140 172
203 214 244
201 214 246
214 228 255
188 210 246
190 206 243
208 219 247
212 225 255
110 128 151
209 220 248
42 69 167
19 28 95
27 45 98
51 80 141
41 69 130
21 35 111
9 16 96
50 80 157
86 121 184
204 217 233
139 161 189
191 208 229
211 224 238
151 173 215
100 119 157
211 224 240
8 63 162
162 203 248
166 182 225
151 172 217
108 129 157
100 124 148
98 119 141
120 143 175
119 140 172
124 145 176
118 138 185
96 114 173
147 169 221
154 180 226
156 175 220
123 152 203
105 131 177
121 125 178
148 150 208
57 63 104
156 162 209
52 53 79
102 97 98
128 128 128
154 154 154
161 165 206
129 140 172
176 179 223
89 93 141
122 134 158
123 133 163
121 123 163
96 98 129
112 111 153
169 168 202
94 96 130
117 127 151
167 173 214
78 78 108
121 128 171
136 173 249
117 153 223
126 165 238
92 128 207
68 87 143
96 121 185
113 143 210
136 138 166
63 81 135
81 93 141
124 137 180
110 128 171
149 160 191
127 136 174
123 133 185
125 137 163
187 210 255
191 210 255
206 227 255
179 200 252
116 142 188
104 111 154
129 135 194
171 187 254
157 174 253
80 87 136
190 218 253
161 188 244
164 191 247
83 111 158
248 252 253
172 199 255
176 206 253
136 162 229
139 158 209
109 126 159
252 254 254
163 189 255
155 192 250
161 170 220
165 167 197
184 189 234
175 176 232
110 137 193
168 174 221
173 181 234
160 168 215
157 163 200
135 139 180
165 173 210
165 168 219
168 172 223
146 160 209
170 174 223
148 155 204
164 168 196
148 161 187
137 147 181
122 138 174
132 144 180
130 134 159
108 115 142
52 67 86
91 107 149
193 199 236
72 77 107
29 37 51
154 156 183
224 223 249
42 45 72
116 129 171
254 254 254
104 114 154
64 78 93
99 114 152
254 254 254
89 104 169
71 77 102
104 142 196
161 188 222
167 198 231
110 143 193
111 146 196
103 131 195
82 110 164
195 208 234
119 153 212
125 154 211
130 154 208
101 134 183
78 106 170
122 138 184
170 170 186
160 154 155
182 188 199
182 180 186
173 172 206
110 137 201
129 160 221
120 143 193
102 113 197
152 165 239
122 147 227
112 142 197
164 192 252
159 190 251
161 190 251
147 163 232
178 201 249
224 228 255
180 191 219
185 197 215
141 163 191
137 149 185
167 165 185
194 193 225
149 168 203
107 114 153
97 108 152
170 186 215
196 207 227
99 131 180
92 113 165
99 122 178
137 153 182
168 177 215
146 157 195
143 154 198
103 129 176
151 157 194
112 121 165
118 132 185
69 76 149
160 165 210
119 141 189
183 196 234
175 199 235
120 153 202
199 205 240
139 166 217
137 165 229
134 161 217
157 163 230
87 99 165
43 55 89
248 207 198
198 127 137
89 86 118
168 102 107
26 21 36
47 64 115
72 92 150
108 127 184
114 131 187
90 102 136
149 161 239
123 134 216
175 179 250
82 79 189
109 112 217
163 170 243
140 149 217
140 160 238
179 185 252
159 176 249
83 107 191
89 109 187
42 64 142
101 114 128
89 103 125
116 126 133
94 87 114
50 68 91
149 172 240
101 122 191
138 157 217
153 172 223
153 180 230
97 104 199
128 160 223
149 168 228
152 175 243
74 78 127
35 48 56
77 102 144
75 103 137
23 47 101
66 98 147
64 100 140
95 128 174
86 117 168
57 86 147
29 49 104
96 114 155
82 114 167
159 182 228
111 136 180
158 184 214
169 187 216
201 215 244
162 186 222
152 191 243
188 215 249
143 157 229
111 143 218
145 182 234
151 186 230
123 143 214
106 128 194
70 94 140
81 88 115
139 150 188
109 130 162
103 125 160
134 155 186
205 219 242
85 90 135
45 63 92
138 152 188
143 157 193
32 79 147
54 85 146
27 66 134
53 75 141
17 16 42
36 83 165
49 96 178
49 71 137
43 90 181
56 103 189
63 102 187
59 108 208
105 155 231
155 153 183
143 142 168
151 153 171
131 131 167
155 154 186
123 125 155
124 130 153
175 160 192
171 166 195
177 165 193
187 172 199
144 148 176
120 124 159
131 140 167
56 67 87
72 102 161
103 122 159
59 78 115
61 83 131
67 92 148
80 104 164
86 114 178
103 122 183
105 128 178
108 134 171
139 165 202
177 191 239
137 149 183
215 232 255
205 220 255
221 226 241
182 190 237
163 175 217
174 193 230
153 161 214
175 177 158
146 155 193
153 167 209
141 148 187
148 159 191
154 165 195
139 147 170
125 147 189
146 156 186
143 148 187
132 155 187
100 123 173
178 193 239
113 140 174
113 136 181
68 85 134
96 122 162
123 141 182
179 203 225
182 203 230
140 161 192
116 149 195
140 165 197
124 156 191
140 167 204
140 167 204
34 62 116
41 65 119
39 64 126
18 48 83
105 113 153
182 204 246
202 205 250
173 192 237
209 213 254
168 171 222
206 215 249
166 179 235
186 198 238
212 215 253
221 227 255
185 197 237
162 185 231
102 109 202
197 201 254
178 214 250
147 179 238
63 103 168
103 134 189
148 162 198
174 192 223
172 189 228
172 189 228
168 184 226
184 208 238
135 159 201
191 212 239
46 57 79
57 71 99
51 65 94
157 131 149
242 212 207
54 62 92
40 46 69
45 58 80
86 98 134
131 153 224
129 153 219
85 97 175
215 223 253
167 186 223
146 170 216
122 146 204
104 124 179
79 93 129
176 180 238
152 166 219
134 149 198
143 161 224
151 163 221
162 173 230
96 124 185
122 144 210
155 175 233
161 181 236
87 75 81
142 156 204
129 174 235
91 130 208
72 111 189
51 85 145
138 181 238
87 122 196
113 148 221
59 90 169
39 63 123
39 64 126
29 51 109
60 89 163
60 89 163
49 74 136
58 100 177
58 100 177
14 34 52
108 151 200
85 145 204
83 132 182
169 216 244
113 176 227
82 95 121
125 142 168
74 83 116
74 84 124
43 52 72
181 198 247
105 121 180
119 187 254
105 152 238
98 160 231
93 154 218
70 135 216
118 168 250
112 168 249
139 193 254
19 32 64
88 92 151
20 29 66
60 75 138
97 100 155
42 49 92
85 91 158
61 66 115
95 95 155
39 48 86
100 110 164
91 101 155
90 97 154
82 95 147
61 77 123
52 65 111
19 34 80
53 66 110
24 36 76
129 153 177
199 225 242
172 196 216
227 244 253
86 136 159
26 34 63
89 139 169
128 175 207
183 214 237
33 71 103
42 65 87
151 175 199
54 80 104
193 218 238
192 209 235
186 215 236
7 12 33
22 36 108
54 65 133
88 125 223
89 128 213
60 97 177
83 127 191
91 130 199
92 137 211
58 91 154
50 69 136
72 89 156
60 105 192
83 124 203
86 120 213
83 101 162
40 57 101
83 101 162
67 84 144
59 60 88
60 68 118
127 106 174
175 168 183
201 198 213
190 186 197
80 86 121
116 122 163
101 117 160
105 107 141
78 124 202
85 131 209
171 191 239
166 187 239
93 128 208
81 120 205
120 129 197
116 121 184
105 106 164
102 97 148
105 98 141
100 89 121
87 115 179
144 161 217
194 214 255
206 209 253
184 197 235
63 90 147
190 210 255
178 196 255
82 109 173
74 95 156
95 111 170
87 89 130
177 187 227
95 101 124
64 86 104
155 200 234
100 138 172
172 207 241
131 158 179
204 204 234
197 203 238
130 147 198
68 81 113
203 198 230
112 110 152
123 139 176
70 77 132
109 130 191
138 170 213
192 205 227
186 192 215
54 64 98
80 82 112
88 76 112
115 124 162
97 103 148
81 84 128
102 108 143
142 162 210
138 152 204
135 151 204
142 160 207
89 109 174
116 142 196
91 120 177
93 119 189
116 153 209
106 132 199
147 168 220
157 173 216
125 157 228
92 123 202
98 137 212
160 179 222
127 159 178
176 173 195
187 177 213
138 149 187
151 157 180
226 210 204
27 53 89
151 164 178
160 168 181
131 153 171
181 180 184
178 178 184
178 175 207
173 178 203
207 221 239
212 223 250
106 123 174
180 187 236
179 190 234
182 187 232
165 179 228
119 138 183
74 86 152
116 129 185
141 155 203
173 188 221
203 212 246
58 70 94
48 18 29
150 161 193
199 190 240
203 200 250
189 178 234
159 151 211
144 140 195
131 129 188
185 176 232
207 204 241
162 168 215
192 193 232
126 135 202
151 152 216
121 128 191
106 115 179
126 137 199
84 94 154
200 202 233
129 129 165
161 166 205
136 152 229
124 151 215
76 109 182
85 113 178
63 89 156
67 92 154
1 6 5
36 71 139
70 96 163
160 180 221
137 156 224
122 146 206
130 146 215
52 79 123
50 79 130
64 98 144
79 109 150
93 125 166
87 117 164
102 126 162
75 87 105
133 159 196
68 79 109
82 117 160
115 140 184
129 143 171
153 166 192
158 170 194
76 103 140
48 64 87
80 95 121
51 77 117
38 64 110
88 98 138
99 118 161
129 155 201
137 163 209
100 110 128
33 44 58
38 52 80
40 50 67
109 131 172
95 117 158
81 100 133
71 87 123
59 71 99
34 50 73
139 157 199
95 122 178
95 122 178
99 127 181
127 148 196
134 152 198
148 161 199
39 50 102
43 56 112
43 56 112
43 46 91
44 47 78
34 41 80
20 35 81
53 61 108
53 59 118
32 46 94
39 48 85
71 103 186
61 84 146
50 80 145
50 80 145
32 42 59
30 40 70
32 45 71
36 47 77
88 102 131
59 71 113
70 85 104
34 44 68
101 112 126
46 59 91
46 59 85
122 155 200
115 144 195
124 148 200
105 139 193
106 143 193
35 64 109
138 162 204
107 137 186
99 130 185
108 141 186
110 149 194
130 159 204
85 105 153
114 145 190
163 184 215
163 179 215
122 155 200
38 52 124
141 169 230
124 158 228
149 180 235
109 155 219
38 51 119
50 79 164
251 244 255
35 65 154
118 171 222
124 174 232
153 178 228
22 56 139
27 78 194
31 76 197
19 52 145
41 101 201
134 151 194
157 177 224
159 195 243
149 191 234
173 207 237
174 213 251
96 117 148
127 152 192
99 110 142
78 99 131
82 102 133
108 128 159
79 103 133
102 127 159
99 120 151
97 103 140
166 167 187
178 182 201
151 141 153
201 194 207
164 158 175
91 114 146
89 112 144
82 99 138
72 86 134
101 70 71
96 118 153
209 195 223
160 164 223
163 162 224
177 170 215
161 160 200
179 175 211
203 187 228
170 167 222
156 160 218
210 197 219
67 85 154
201 223 247
187 214 248
136 168 215
74 99 166
98 131 185
160 180 236
158 173 231
151 169 220
169 184 238
106 102 148
108 112 177
156 160 214
121 134 188
125 132 191
118 130 224
83 97 180
162 175 253
139 155 231
131 150 217
134 151 214
93 108 177
139 161 249
73 91 152
141 154 240
184 207 253
124 146 218
131 148 199
139 156 199
101 117 159
156 171 210
175 195 226
177 194 227
179 197 226
185 202 229
149 170 202
145 162 195
61 80 125
119 139 180
129 150 182
124 145 177
122 141 178
164 183 218
128 148 179
141 164 196
128 145 226
146 161 234
120 135 207
71 125 186
76 128 188
36 59 109
70 115 183
77 127 193
77 128 190
128 124 200
209 207 229
109 101 171
153 148 217
120 132 190
91 100 157
100 110 170
124 131 194
99 104 119
35 48 70
41 51 68
46 56 63
32 44 56
24 33 53
133 137 166
94 105 127
47 56 76
76 89 115
113 120 193
105 129 183
131 149 202
130 150 197
143 144 195
164 202 232
153 196 239
122 170 218
16 67 129
29 84 127
32 96 160
16 48 97
161 200 245
159 198 242
135 182 236
180 206 246
191 216 255
217 236 251
180 199 250
168 185 241
181 197 244
139 160 221
136 156 211
180 195 251
151 169 232
146 166 223
100 119 152
109 131 173
48 63 109
122 145 191
136 153 209
169 179 227
129 150 212
39 63 117
41 61 116
51 71 136
37 48 100
35 51 104
48 75 142
97 129 205
82 125 206
92 139 225
36 41 80
38 45 78
174 185 207
181 193 217
183 195 219
186 196 220
134 140 187
144 153 190
151 162 200
129 130 188
102 113 151
99 108 141
146 150 185
24 23 66
76 122 193
29 70 132
42 92 158
157 193 223
89 132 153
65 119 166
113 151 209
168 192 246
155 179 239
142 178 232
149 180 235
179 200 245
151 182 235
160 186 233
154 187 232
171 194 242
177 200 246
176 199 244
138 172 226
125 157 206
116 155 199
123 158 214
168 191 239
48 63 96
106 138 174
105 134 171
171 197 234
169 197 238
100 125 167
112 134 175
27 29 64
86 120 213
68 101 198
60 92 191
45 66 165
38 56 145
38 61 141
63 115 209
18 18 54
39 46 119
68 84 151
35 32 81
114 145 183
142 172 207
140 170 205
108 143 187
182 203 219
140 162 197
108 136 177
87 110 159
95 122 168
98 126 171
126 154 195
133 157 199
133 157 199
157 180 209
161 185 215
85 97 145
49 56 75
51 57 80
18 25 42
90 100 130
91 96 135
65 73 133
110 114 192
64 84 155
42 60 123
54 68 127
95 125 184
78 104 164
73 94 176
59 74 143
160 178 237
173 189 255
133 157 211
175 184 251
124 150 204
188 200 254
162 179 242
176 182 241
189 206 249
198 210 246
100 151 194
189 211 252
176 195 252
164 183 244
174 195 247
182 200 253
182 200 253
143 178 221
101 146 244
17 29 63
93 133 221
134 170 255
114 150 250
122 157 225
196 209 253
92 103 160
91 95 144
48 97 147
147 191 244
197 236 251
193 231 255
181 206 236
151 177 219
181 201 236
204 223 241
196 213 241
191 204 242
186 205 241
155 179 234
176 199 233
113 143 202
173 187 221
155 175 221
136 167 226
141 165 218
156 186 231
188 203 227
190 202 235
127 160 223
80 119 174
124 181 242
118 172 225
115 159 222
169 182 238
170 184 237
174 185 242
189 201 213
106 130 220
187 199 255
170 189 240
150 165 221
107 125 188
148 168 233
106 120 208
139 170 223
129 162 218
156 168 216
135 163 217
203 216 248
164 172 209
195 200 231
121 142 180
118 147 208
129 157 211
177 198 225
178 195 228
157 173 220
150 166 208
112 125 163
70 122 189
66 108 173
75 126 189
78 133 200
134 166 219
91 140 208
95 130 196
184 185 219
162 171 204
168 175 208
58 84 121
175 182 221
146 171 221
134 166 219
179 189 229
203 204 238
192 198 233
125 147 225
134 164 245
142 185 252
114 143 212
146 176 255
175 207 255
183 206 252
185 207 249
168 201 255
187 222 255
93 133 222
184 228 252
81 103 198
173 193 240
194 216 251
186 209 254
172 198 252
120 138 179
71 111 163
93 122 173
102 128 175
41 68 94
64 70 99
123 133 163
160 183 231
176 194 231
149 170 208
136 142 201
118 119 179
51 63 105
39 57 88
22 43 71
6 23 79
160 186 223
173 205 246
123 147 193
134 166 219
95 139 198
157 184 234
98 124 171
147 164 215
117 139 187
116 135 192
165 180 226
164 181 220
159 176 233
169 189 236
160 175 224
159 174 220
163 180 207
126 148 190
73 99 165
209 224 243
194 208 231
213 227 249
186 202 225
182 197 223
182 197 223
118 140 176
77 115 179
97 132 205
70 107 175
72 108 172
66 97 160
82 110 175
98 129 182
75 110 178
88 125 199
99 134 208
77 109 182
71 104 173
80 113 186
74 102 162
64 98 158
204 193 203
204 195 208
216 208 215
232 220 226
180 176 181
220 236 253
220 209 225
181 183 218
233 230 246
204 194 217
65 89 171
59 87 171
128 135 204
102 120 191
58 80 145
34 44 74
64 97 170
47 62 125
144 155 213
104 101 181
127 119 184
118 133 206
46 70 142
46 70 142
148 170 236
165 179 231
85 139 204
84 136 206
57 106 180
87 121 187
86 111 183
103 127 217
52 82 161
63 81 134
102 120 181
82 88 131
124 125 183
148 145 201
172 172 226
116 120 179
119 121 175
120 117 172
144 147 192
227 230 245
155 156 200
245 246 250
64 64 110
95 99 152
89 112 198
114 149 239
108 137 218
90 108 209
81 99 188
122 163 236
114 157 238
145 195 255
107 136 221
75 89 191
83 100 173
116 165 245
41 48 128
68 72 167
94 154 208
90 148 190
159 200 233
92 135 178
29 58 85
73 112 164
95 95 135
82 88 123
127 122 153
109 105 141
97 96 136
205 223 254
46 72 148
180 212 255
63 92 161
127 158 221
111 145 211
93 114 165
161 186 230
47 70 115
66 91 135
56 79 125
44 69 113
58 93 157
49 73 127
70 100 171
179 204 224
66 107 230
146 186 251
134 191 247
102 155 252
145 180 254
73 141 238
40 85 218
188 195 255
78 111 197
75 109 193
45 93 138
46 101 160
55 57 135
50 57 142
129 125 190
124 119 174
70 97 171
72 99 173
51 85 145
64 94 165
112 140 205
116 140 206
94 122 187
147 163 162
109 133 169
62 83 114
135 156 187
61 79 162
55 79 161
79 108 183
67 96 170
31 53 118
57 81 163
67 101 177
59 84 154
49 75 151
61 95 165
64 88 170
77 107 190
61 93 169
26 35 45
102 98 217
113 116 225
148 175 231
117 151 241
107 134 224
98 125 212
47 73 163
122 153 255
145 183 255
140 174 250
144 177 255
197 219 255
117 156 231
119 156 238
183 198 237
70 104 170
88 112 166
153 170 243
119 147 231
109 137 221
116 143 223
95 115 202
146 171 241
143 146 177
88 87 119
186 178 209
163 179 226
119 145 222
114 146 219
42 63 118
42 63 118
94 138 227
99 139 227
108 151 232
99 141 218
96 134 206
94 144 227
98 143 224
74 116 199
58 92 168
31 58 102
55 87 160
44 77 127
28 60 96
31 60 104
57 87 144
74 103 164
35 74 126
45 80 144
71 106 179
97 123 193
98 126 191
62 95 164
81 110 177
103 140 224
112 149 233
84 124 189
101 144 223
102 141 219
40 73 146
41 80 132
38 65 122
43 71 132
71 90 165
74 128 181
102 142 200
88 124 184
80 124 185
82 100 147
55 50 59
134 149 211
79 100 181
74 95 176
60 70 134
79 83 136
72 71 105
93 97 145
145 160 209
149 172 217
7 47 96
82 115 178
109 134 196
32 41 54
163 176 220
169 180 212
158 174 210
150 168 215
149 161 203
149 165 208
97 126 183
155 171 217
98 109 169
97 114 171
125 145 193
135 141 194
119 144 184
115 149 192
146 182 212
154 183 210
142 182 211
140 179 217
168 169 213
125 133 193
52 56 104
82 102 179
119 133 175
164 171 196
149 156 189
148 158 188
143 151 181
170 176 199
183 190 210
174 188 210
146 165 203
199 221 255
187 200 244
87 115 226
157 181 235
150 183 255
150 183 255
114 134 205
61 75 158
79 76 155
132 144 226
115 129 217
109 122 198
37 88 161
67 117 189
99 155 220
88 140 206
77 130 197
55 114 183
53 89 165
75 120 187
116 137 198
120 144 204
62 96 166
107 136 181
136 169 218
141 174 223
138 162 208
137 165 206
146 176 211
119 109 151
120 106 134
119 119 167
168 146 158
155 139 150
107 91 109
145 186 241
132 171 240
123 165 234
123 169 233
143 186 243
180 203 253
148 188 246
94 143 205
105 143 208
129 175 233
117 158 227
154 193 248
173 207 253
165 200 250
96 102 175
135 151 193
58 72 91
68 82 101
48 61 83
46 63 82
56 75 90
73 87 105
75 92 105
71 86 102
67 77 94
160 189 240
175 209 252
173 200 244
78 103 177
60 87 151
77 118 180
18 27 60
88 125 183
98 133 189
115 148 204
141 172 227
141 172 227
141 172 227
71 84 152
82 102 167
111 121 191
115 130 193
77 92 164
122 142 197
68 95 159
80 99 160
110 131 192
147 169 221
141 174 219
70 120 196
106 146 204
95 146 209
126 150 202
113 141 195
60 93 162
162 178 225
66 63 119
71 68 124
121 110 166
171 163 204
162 154 194
145 138 181
169 157 193
167 149 186
95 96 156
123 125 179
148 151 195
118 110 150
115 111 147
105 95 125
122 126 175
139 156 223
110 117 167
144 174 233
175 206 237
188 221 236
152 194 237
145 185 238
96 111 157
101 105 158
99 110 172
